service_id,date,exception_type
52,20120216,2
52,20120217,1
52,20120218,2
52,20120219,2
52,20120220,2
52,20120221,2
52,20120222,2
52,20120223,2
52,20120224,1
52,20120225,2
52,20120226,2
52,20120227,2
52,20120228,2
52,20120229,2
52,20120301,2
52,20120302,1
52,20120303,2
52,20120304,2
52,20120305,2
52,20120306,2
52,20120307,2
52,20120308,2
52,20120309,1
52,20120310,2
52,20120311,2
52,20120312,2
52,20120313,2
52,20120314,2
52,20120315,2
52,20120316,1
52,20120317,2
52,20120318,2
52,20120319,2
52,20120320,2
52,20120321,2
52,20120322,2
52,20120323,1
52,20120324,2
52,20120325,2
52,20120326,2
52,20120327,2
52,20120328,2
52,20120329,2
52,20120330,1
53,20120102,1
53,20120103,1
53,20120104,1
53,20120105,1
53,20120106,2
53,20120107,2
53,20120108,2
53,20120109,1
53,20120110,1
53,20120111,1
53,20120112,1
53,20120113,2
53,20120114,2
53,20120115,2
53,20120116,1
53,20120117,1
53,20120118,1
53,20120119,1
53,20120120,2
53,20120121,2
53,20120122,2
53,20120123,1
53,20120124,1
53,20120125,1
53,20120126,1
53,20120127,2
53,20120128,2
53,20120129,2
53,20120130,1
53,20120131,1
53,20120201,1
53,20120202,1
53,20120203,2
53,20120204,2
53,20120205,2
53,20120206,1
53,20120207,1
53,20120208,1
53,20120209,1
53,20120210,2
53,20120211,2
53,20120212,2
53,20120213,1
53,20120214,1
53,20120215,1
53,20120216,1
53,20120217,2
53,20120218,2
53,20120219,2
53,20120220,1
53,20120221,1
53,20120222,1
53,20120223,1
53,20120224,2
53,20120225,2
53,20120226,2
53,20120227,1
53,20120228,1
53,20120229,1
53,20120301,1
53,20120302,2
53,20120303,2
53,20120304,2
53,20120305,1
53,20120306,1
53,20120307,1
53,20120308,1
53,20120309,2
53,20120310,2
53,20120311,2
53,20120312,1
53,20120313,1
53,20120314,1
53,20120315,1
53,20120316,2
53,20120317,2
53,20120318,2
53,20120319,1
53,20120320,1
53,20120321,1
53,20120322,1
53,20120323,2
53,20120324,2
53,20120325,2
53,20120326,1
53,20120327,1
53,20120328,1
53,20120329,1
53,20120330,2
54,20120102,1
54,20120103,1
54,20120104,1
54,20120105,1
54,20120106,1
54,20120107,2
54,20120108,2
54,20120109,1
54,20120110,1
54,20120111,1
54,20120112,1
54,20120113,1
54,20120114,2
54,20120115,2
54,20120116,1
54,20120117,1
54,20120118,1
54,20120119,1
54,20120120,1
54,20120121,2
54,20120122,2
54,20120123,1
54,20120124,1
54,20120125,1
54,20120126,1
54,20120127,1
54,20120128,2
54,20120129,2
54,20120130,1
54,20120131,1
54,20120201,1
54,20120202,1
54,20120203,1
54,20120204,2
54,20120205,2
54,20120206,1
54,20120207,1
54,20120208,1
54,20120209,1
54,20120210,1
54,20120211,2
54,20120212,2
54,20120213,1
54,20120214,1
54,20120215,1
54,20120216,1
54,20120217,1
54,20120218,2
54,20120219,2
54,20120220,1
54,20120221,1
54,20120222,1
54,20120223,1
54,20120224,1
54,20120225,2
54,20120226,2
54,20120227,1
54,20120228,1
54,20120229,1
54,20120301,1
54,20120302,1
54,20120303,2
54,20120304,2
54,20120305,1
54,20120306,1
54,20120307,1
54,20120308,1
54,20120309,1
54,20120310,2
54,20120311,2
54,20120312,1
54,20120313,1
54,20120314,1
54,20120315,1
54,20120316,1
54,20120317,2
54,20120318,2
54,20120319,1
54,20120320,1
54,20120321,1
54,20120322,1
54,20120323,1
54,20120324,2
54,20120325,2
54,20120326,1
54,20120327,1
54,20120328,1
54,20120329,1
54,20120330,1
55,20120102,2
55,20120103,2
55,20120104,2
55,20120105,2
55,20120106,2
55,20120107,1
55,20120108,2
55,20120109,2
55,20120110,2
55,20120111,2
55,20120112,2
55,20120113,2
55,20120114,1
55,20120115,2
55,20120116,2
55,20120117,2
55,20120118,2
55,20120119,2
55,20120120,2
55,20120121,1
55,20120122,2
55,20120123,2
55,20120124,2
55,20120125,2
55,20120126,2
55,20120127,2
55,20120128,1
55,20120129,2
55,20120130,2
55,20120131,2
55,20120201,2
55,20120202,2
55,20120203,2
55,20120204,1
55,20120205,2
55,20120206,2
55,20120207,2
55,20120208,2
55,20120209,2
55,20120210,2
55,20120211,1
55,20120212,2
55,20120213,2
55,20120214,2
55,20120215,2
55,20120216,2
55,20120217,2
55,20120218,1
55,20120219,2
55,20120220,2
55,20120221,2
55,20120222,2
55,20120223,2
55,20120224,2
55,20120225,1
55,20120226,2
55,20120227,2
55,20120228,2
55,20120229,2
55,20120301,2
55,20120302,2
55,20120303,1
55,20120304,2
55,20120305,2
55,20120306,2
55,20120307,2
55,20120308,2
55,20120309,2
55,20120310,1
55,20120311,2
55,20120312,2
55,20120313,2
55,20120314,2
55,20120315,2
55,20120316,2
55,20120317,1
55,20120318,2
55,20120319,2
55,20120320,2
55,20120321,2
55,20120322,2
55,20120323,2
55,20120324,1
55,20120325,2
55,20120326,2
55,20120327,2
55,20120328,2
55,20120329,2
55,20120330,2
56,20120102,2
56,20120103,2
56,20120104,2
56,20120105,2
56,20120106,2
56,20120107,2
56,20120108,2
56,20120109,2
56,20120110,2
56,20120111,2
56,20120112,2
56,20120113,2
56,20120114,2
56,20120115,2
56,20120116,2
56,20120117,2
56,20120118,2
56,20120119,2
56,20120120,2
56,20120121,2
56,20120122,2
56,20120123,2
56,20120124,2
56,20120125,2
56,20120126,2
56,20120127,2
56,20120128,2
56,20120129,2
56,20120130,2
56,20120131,2
56,20120201,2
56,20120202,2
56,20120203,2
56,20120204,2
56,20120205,2
56,20120206,2
56,20120207,2
56,20120208,2
56,20120209,2
56,20120210,2
56,20120211,2
56,20120212,2
56,20120213,2
56,20120214,2
56,20120215,2
56,20120216,2
56,20120217,2
56,20120218,2
56,20120219,2
56,20120220,1
56,20120221,1
56,20120222,1
56,20120223,1
56,20120224,2
56,20120225,2
56,20120226,2
56,20120227,2
56,20120228,2
56,20120229,2
56,20120301,2
56,20120302,2
56,20120303,2
56,20120304,2
56,20120305,2
56,20120306,2
56,20120307,2
56,20120308,2
56,20120309,2
56,20120310,2
56,20120311,2
56,20120312,2
56,20120315,2
56,20120316,2
56,20120317,2
56,20120318,2
56,20120319,2
56,20120320,2
56,20120321,2
56,20120322,2
56,20120323,2
56,20120324,2
56,20120325,2
56,20120326,2
56,20120327,2
56,20120328,2
56,20120329,2
56,20120330,2
57,20120102,2
57,20120103,2
57,20120104,1
57,20120105,1
57,20120106,2
57,20120107,2
57,20120108,2
57,20120109,2
57,20120110,2
57,20120111,1
57,20120112,1
57,20120113,2
57,20120114,2
57,20120115,2
57,20120116,2
57,20120117,2
57,20120118,1
57,20120119,1
57,20120120,2
57,20120121,2
57,20120122,2
57,20120123,2
57,20120124,2
57,20120125,1
57,20120126,1
57,20120127,2
57,20120128,2
57,20120129,2
57,20120130,2
57,20120131,2
57,20120201,1
57,20120202,1
57,20120203,2
57,20120204,2
57,20120205,2
57,20120206,2
57,20120207,2
57,20120208,1
57,20120209,1
57,20120210,2
57,20120211,2
57,20120212,2
57,20120213,2
57,20120214,2
57,20120215,1
57,20120216,1
57,20120217,2
57,20120218,2
57,20120219,2
57,20120220,2
57,20120221,2
57,20120222,2
57,20120223,2
57,20120224,2
57,20120225,2
57,20120226,2
57,20120227,2
57,20120228,2
57,20120229,1
57,20120301,1
57,20120302,2
57,20120303,2
57,20120304,2
57,20120305,2
57,20120306,2
57,20120307,1
57,20120308,1
57,20120309,2
57,20120310,2
57,20120311,2
57,20120312,2
57,20120313,2
57,20120314,1
57,20120315,1
57,20120316,2
57,20120317,2
57,20120318,2
57,20120319,2
57,20120320,2
57,20120321,1
57,20120322,1
57,20120323,2
57,20120324,2
57,20120325,2
57,20120326,2
57,20120327,2
57,20120328,1
57,20120329,1
57,20120330,2
56,20120313,2
56,20120314,2
31,20120106,1
31,20120107,2
31,20120108,2
31,20120109,1
31,20120110,1
31,20120111,1
31,20120112,1
31,20120113,1
31,20120114,2
31,20120115,2
31,20120116,1
31,20120117,1
31,20120118,1
31,20120119,1
31,20120120,1
31,20120121,2
31,20120122,2
31,20120123,1
31,20120124,1
31,20120125,1
31,20120126,1
31,20120127,1
31,20120128,2
31,20120129,2
31,20120130,1
31,20120131,1
31,20120201,1
31,20120202,1
31,20120203,1
31,20120204,2
31,20120205,2
31,20120206,1
31,20120207,1
31,20120208,1
31,20120209,1
31,20120210,1
31,20120211,2
31,20120212,2
31,20120213,1
31,20120214,1
31,20120215,1
31,20120216,1
31,20120217,1
31,20120218,2
31,20120219,2
31,20120220,2
31,20120221,2
31,20120222,2
31,20120223,2
31,20120224,2
31,20120225,2
31,20120226,2
31,20120227,1
31,20120228,1
31,20120229,1
31,20120301,1
31,20120302,1
31,20120303,2
31,20120304,2
31,20120305,1
31,20120306,1
31,20120307,1
31,20120308,1
31,20120309,1
31,20120310,2
31,20120311,2
31,20120312,1
31,20120313,1
31,20120314,1
31,20120315,1
31,20120316,1
31,20120317,2
31,20120318,2
31,20120319,1
31,20120320,1
31,20120321,1
31,20120322,1
31,20120323,1
31,20120324,2
31,20120325,2
31,20120326,1
31,20120327,1
31,20120328,1
31,20120329,1
31,20120330,1
32,20120102,1
32,20120103,1
32,20120104,1
32,20120105,1
32,20120106,1
32,20120107,2
32,20120108,2
32,20120109,1
32,20120110,1
32,20120111,1
32,20120112,1
32,20120113,1
32,20120114,2
32,20120115,2
32,20120116,1
32,20120117,1
32,20120118,1
32,20120119,1
32,20120120,1
32,20120121,2
32,20120122,2
32,20120123,1
32,20120124,1
32,20120125,1
32,20120126,1
32,20120127,1
32,20120128,2
32,20120129,2
32,20120130,1
32,20120131,1
32,20120201,1
32,20120202,1
32,20120203,1
32,20120204,2
32,20120205,2
32,20120206,1
32,20120207,1
32,20120208,1
32,20120209,1
32,20120210,1
32,20120211,2
32,20120212,2
32,20120213,1
32,20120214,1
32,20120215,1
32,20120216,1
32,20120217,1
32,20120218,2
32,20120219,2
32,20120220,2
32,20120221,2
32,20120222,2
32,20120223,2
32,20120224,2
32,20120225,2
32,20120226,2
32,20120227,1
32,20120228,1
32,20120229,1
32,20120301,1
32,20120302,1
32,20120303,2
32,20120304,2
32,20120305,1
32,20120306,1
32,20120307,1
32,20120308,1
32,20120309,1
32,20120310,2
32,20120311,2
32,20120312,1
32,20120313,1
32,20120314,1
32,20120315,1
32,20120316,1
32,20120317,2
32,20120318,2
32,20120319,1
32,20120320,1
32,20120321,1
32,20120322,1
32,20120323,1
32,20120324,2
32,20120325,2
32,20120326,1
32,20120327,1
32,20120328,1
32,20120329,1
32,20120330,1
33,20120102,1
33,20120103,1
33,20120104,1
33,20120105,1
33,20120106,1
33,20120107,2
33,20120108,2
33,20120109,1
33,20120110,1
33,20120111,1
33,20120112,1
33,20120113,1
33,20120114,2
33,20120115,2
33,20120116,1
33,20120117,1
33,20120118,1
33,20120119,1
33,20120120,1
33,20120121,2
33,20120122,2
33,20120123,1
33,20120124,1
33,20120125,1
33,20120126,1
33,20120127,1
33,20120128,2
33,20120129,2
33,20120130,1
33,20120131,1
33,20120201,1
33,20120202,1
33,20120203,1
33,20120204,2
33,20120205,2
33,20120206,1
33,20120207,1
33,20120208,1
33,20120209,1
33,20120210,1
33,20120211,2
33,20120212,2
33,20120213,1
33,20120214,1
33,20120215,1
33,20120216,1
33,20120217,1
33,20120218,2
33,20120219,2
33,20120220,2
33,20120221,2
33,20120222,2
33,20120223,2
33,20120224,2
33,20120225,2
33,20120226,2
33,20120227,1
33,20120228,1
33,20120229,1
33,20120301,1
33,20120302,1
33,20120303,2
33,20120304,2
33,20120305,1
33,20120306,1
33,20120307,1
33,20120308,1
33,20120309,1
33,20120310,2
33,20120311,2
33,20120312,1
33,20120313,1
33,20120314,1
33,20120315,1
33,20120316,1
33,20120317,2
33,20120318,2
33,20120319,1
33,20120320,1
33,20120321,1
33,20120322,1
33,20120323,1
33,20120324,2
33,20120325,2
33,20120326,1
33,20120327,1
33,20120328,1
33,20120329,1
33,20120330,1
34,20120102,2
34,20120103,1
34,20120104,2
34,20120105,1
34,20120106,1
34,20120107,2
34,20120108,2
34,20120109,2
34,20120110,1
34,20120111,2
34,20120112,1
34,20120113,1
34,20120114,2
34,20120115,2
34,20120116,2
34,20120117,1
34,20120118,2
34,20120119,1
34,20120120,1
34,20120121,2
34,20120122,2
34,20120123,2
34,20120124,1
34,20120125,2
34,20120126,1
34,20120127,1
34,20120128,2
34,20120129,2
34,20120130,2
34,20120131,1
34,20120201,2
34,20120202,1
34,20120203,1
34,20120204,2
34,20120205,2
34,20120206,2
34,20120207,1
34,20120208,2
34,20120209,1
34,20120210,1
34,20120211,2
34,20120212,2
34,20120213,2
34,20120214,1
34,20120215,2
34,20120216,1
34,20120217,1
34,20120218,2
34,20120219,2
34,20120220,2
34,20120221,2
34,20120222,2
34,20120223,2
34,20120224,2
34,20120225,2
34,20120226,2
34,20120227,2
34,20120228,1
34,20120229,2
34,20120301,1
34,20120302,1
34,20120303,2
34,20120304,2
34,20120305,2
34,20120306,1
34,20120307,2
34,20120308,1
34,20120309,1
34,20120310,2
34,20120311,2
34,20120312,2
34,20120313,1
34,20120314,2
34,20120315,1
34,20120316,1
34,20120317,2
34,20120318,2
34,20120319,2
34,20120320,1
34,20120321,2
34,20120322,1
34,20120323,1
34,20120324,2
34,20120325,2
34,20120326,2
34,20120327,1
34,20120328,2
34,20120329,1
34,20120330,1
35,20120102,1
35,20120103,2
35,20120104,1
35,20120105,2
35,20120106,1
35,20120107,2
35,20120108,2
35,20120109,1
35,20120110,2
35,20120111,1
35,20120112,2
35,20120113,1
35,20120114,2
35,20120115,2
35,20120116,1
35,20120117,2
35,20120118,1
35,20120119,2
35,20120120,1
35,20120121,2
35,20120122,2
35,20120123,1
35,20120124,2
35,20120125,1
35,20120126,2
35,20120127,1
35,20120128,2
35,20120129,2
35,20120130,1
35,20120131,2
35,20120201,1
35,20120202,2
35,20120203,1
35,20120204,2
35,20120205,2
35,20120206,1
35,20120207,2
35,20120208,1
35,20120209,2
35,20120210,1
35,20120211,2
35,20120212,2
35,20120213,1
35,20120214,2
35,20120215,1
35,20120216,2
35,20120217,1
35,20120218,2
35,20120219,2
35,20120220,2
35,20120221,2
35,20120222,2
35,20120223,2
35,20120224,2
35,20120225,2
35,20120226,2
35,20120227,1
35,20120228,2
35,20120229,1
35,20120301,2
35,20120302,1
35,20120303,2
35,20120304,2
35,20120305,1
35,20120306,2
35,20120307,1
35,20120308,2
35,20120309,1
35,20120310,2
35,20120311,2
35,20120312,1
35,20120313,2
35,20120314,1
35,20120315,2
35,20120316,1
35,20120317,2
35,20120318,2
35,20120319,1
35,20120320,2
35,20120321,1
35,20120322,2
35,20120323,1
35,20120324,2
35,20120325,2
35,20120326,1
35,20120327,2
35,20120328,1
35,20120329,2
35,20120330,1
36,20120102,1
36,20120103,1
36,20120104,2
36,20120105,1
36,20120106,2
36,20120107,2
36,20120108,2
36,20120109,1
36,20120110,1
36,20120111,2
36,20120112,1
36,20120113,2
36,20120114,2
36,20120115,2
36,20120116,1
36,20120117,1
36,20120118,2
36,20120119,1
36,20120120,2
36,20120121,2
36,20120122,2
36,20120123,1
36,20120124,1
36,20120125,2
36,20120126,1
36,20120127,2
36,20120128,2
36,20120129,2
36,20120130,1
36,20120131,1
36,20120201,2
36,20120202,1
36,20120203,2
36,20120204,2
36,20120205,2
36,20120206,1
36,20120207,1
36,20120208,2
36,20120209,1
36,20120210,2
36,20120211,2
36,20120212,2
36,20120213,1
36,20120214,1
36,20120215,2
36,20120216,1
36,20120217,2
36,20120218,2
36,20120219,2
36,20120220,2
36,20120221,2
36,20120222,2
36,20120223,2
36,20120224,2
36,20120225,2
36,20120226,2
36,20120227,1
36,20120228,1
36,20120229,2
36,20120301,1
36,20120302,2
36,20120303,2
36,20120304,2
36,20120305,1
36,20120306,1
36,20120307,2
36,20120308,1
36,20120309,2
36,20120310,2
36,20120311,2
36,20120312,1
36,20120313,1
36,20120314,2
36,20120315,1
36,20120316,2
36,20120317,2
36,20120318,2
36,20120319,1
36,20120320,1
36,20120321,2
36,20120322,1
36,20120323,2
36,20120324,2
36,20120325,2
36,20120326,1
36,20120327,1
36,20120328,2
36,20120329,1
36,20120330,2
37,20120102,2
37,20120103,2
37,20120104,1
37,20120105,1
37,20120106,1
37,20120107,2
37,20120108,2
37,20120109,2
37,20120110,2
37,20120111,1
37,20120112,1
37,20120113,1
37,20120114,2
37,20120115,2
37,20120116,2
37,20120117,2
37,20120118,1
37,20120119,1
37,20120120,1
37,20120121,2
37,20120122,2
37,20120123,2
37,20120124,2
37,20120125,1
37,20120126,1
37,20120127,1
37,20120128,2
37,20120129,2
37,20120130,2
37,20120131,2
37,20120201,1
37,20120202,1
37,20120203,1
37,20120204,2
37,20120205,2
37,20120206,2
37,20120207,2
37,20120208,1
37,20120209,1
37,20120210,1
37,20120211,2
37,20120212,2
37,20120213,2
37,20120214,2
37,20120215,1
37,20120216,1
37,20120217,1
37,20120218,2
37,20120219,2
37,20120220,2
37,20120221,2
37,20120222,2
37,20120223,2
37,20120224,2
37,20120225,2
37,20120226,2
37,20120227,2
37,20120228,2
37,20120229,1
37,20120301,1
37,20120302,1
37,20120303,2
37,20120304,2
37,20120305,2
37,20120306,2
37,20120307,1
37,20120308,1
37,20120309,1
37,20120310,2
37,20120311,2
37,20120312,2
37,20120313,2
37,20120314,1
37,20120315,1
37,20120316,1
37,20120317,2
37,20120318,2
37,20120319,2
37,20120320,2
37,20120321,1
37,20120322,1
37,20120323,1
37,20120324,2
37,20120325,2
37,20120326,2
37,20120327,2
37,20120328,1
37,20120329,1
37,20120330,1
38,20120102,1
38,20120103,2
38,20120104,1
38,20120105,1
38,20120106,1
38,20120107,2
38,20120108,2
38,20120109,1
38,20120110,2
38,20120111,1
38,20120112,1
38,20120113,1
38,20120114,2
38,20120115,2
38,20120116,1
38,20120117,2
38,20120118,1
38,20120119,1
38,20120120,1
38,20120121,2
38,20120122,2
38,20120123,1
38,20120124,2
38,20120125,1
38,20120126,1
38,20120127,1
38,20120128,2
38,20120129,2
38,20120130,1
38,20120131,2
38,20120201,1
38,20120202,1
38,20120203,1
38,20120204,2
38,20120205,2
38,20120206,1
38,20120207,2
38,20120208,1
38,20120209,1
38,20120210,1
38,20120211,2
38,20120212,2
38,20120213,1
38,20120214,2
38,20120215,1
38,20120216,1
38,20120217,1
38,20120218,2
38,20120219,2
38,20120220,2
38,20120221,2
38,20120222,2
38,20120223,2
38,20120224,2
38,20120225,2
38,20120226,2
38,20120227,1
38,20120228,2
38,20120229,1
38,20120301,1
38,20120302,1
38,20120303,2
38,20120304,2
38,20120305,1
38,20120306,2
38,20120307,1
38,20120308,1
38,20120309,1
38,20120310,2
38,20120311,2
38,20120312,1
38,20120313,2
38,20120314,1
38,20120315,1
38,20120316,1
38,20120317,2
38,20120318,2
38,20120319,1
38,20120320,2
38,20120321,1
38,20120322,1
38,20120323,1
38,20120324,2
38,20120325,2
38,20120326,1
38,20120327,2
38,20120328,1
38,20120329,1
38,20120330,1
39,20120102,1
39,20120103,1
39,20120104,2
39,20120105,1
39,20120106,2
39,20120107,2
39,20120108,2
39,20120109,1
39,20120110,1
39,20120111,2
39,20120112,1
39,20120113,2
39,20120114,2
39,20120115,2
39,20120116,1
39,20120117,1
39,20120118,2
39,20120119,1
39,20120120,2
39,20120121,2
39,20120122,2
39,20120123,1
39,20120124,1
39,20120125,2
39,20120126,1
39,20120127,2
39,20120128,2
39,20120129,2
39,20120130,1
39,20120131,1
39,20120201,2
39,20120202,1
39,20120203,2
39,20120204,2
39,20120205,2
39,20120206,1
39,20120207,1
39,20120208,2
39,20120209,1
39,20120210,2
39,20120211,2
39,20120212,2
39,20120213,1
39,20120214,1
39,20120215,2
39,20120216,1
39,20120217,2
39,20120218,2
39,20120219,2
39,20120220,2
39,20120221,2
39,20120222,2
39,20120223,2
39,20120224,2
39,20120225,2
39,20120226,2
39,20120227,1
39,20120228,1
39,20120229,2
39,20120301,1
39,20120302,2
39,20120303,2
39,20120304,2
39,20120305,1
39,20120306,1
39,20120307,2
39,20120308,1
39,20120309,2
39,20120310,2
39,20120311,2
39,20120312,1
39,20120313,1
39,20120314,2
39,20120315,1
39,20120316,2
39,20120317,2
39,20120318,2
39,20120319,1
39,20120320,1
39,20120321,2
39,20120322,1
39,20120323,2
39,20120324,2
39,20120325,2
39,20120326,1
39,20120327,1
39,20120328,2
39,20120329,1
39,20120330,2
40,20120102,1
40,20120103,2
40,20120104,2
40,20120105,2
40,20120106,1
40,20120107,2
40,20120108,2
40,20120109,1
40,20120110,2
40,20120111,2
40,20120112,2
40,20120113,1
40,20120114,2
40,20120115,2
40,20120116,1
40,20120117,2
40,20120118,2
40,20120119,2
40,20120120,1
40,20120121,2
40,20120122,2
40,20120123,1
40,20120124,2
40,20120125,2
40,20120126,2
40,20120127,1
40,20120128,2
40,20120129,2
40,20120130,1
40,20120131,2
40,20120201,2
40,20120202,2
40,20120203,1
40,20120204,2
40,20120205,2
40,20120206,1
40,20120207,2
40,20120208,2
40,20120209,2
40,20120210,1
40,20120211,2
40,20120212,2
40,20120213,1
40,20120214,2
40,20120215,2
40,20120216,2
40,20120217,1
40,20120218,2
40,20120219,2
40,20120220,2
40,20120221,2
40,20120222,2
40,20120223,2
40,20120224,2
40,20120225,2
40,20120226,2
40,20120227,1
40,20120228,2
40,20120229,2
40,20120301,2
40,20120302,1
40,20120303,2
40,20120304,2
40,20120305,1
40,20120306,2
40,20120307,2
40,20120308,2
40,20120309,1
40,20120310,2
40,20120311,2
40,20120312,1
40,20120313,2
40,20120314,2
40,20120315,2
40,20120316,1
40,20120317,2
40,20120318,2
40,20120319,1
40,20120320,2
40,20120321,2
40,20120322,2
40,20120323,1
40,20120324,2
40,20120325,2
40,20120326,1
40,20120327,2
40,20120328,2
40,20120329,2
40,20120330,1
41,20120102,2
41,20120103,2
41,20120104,1
41,20120105,2
41,20120106,1
41,20120107,2
41,20120108,2
41,20120109,2
41,20120110,2
41,20120111,1
41,20120112,2
41,20120113,1
41,20120114,2
41,20120115,2
41,20120116,2
41,20120117,2
41,20120118,1
41,20120119,2
41,20120120,1
41,20120121,2
41,20120122,2
41,20120123,2
41,20120124,2
41,20120125,1
41,20120126,2
41,20120127,1
41,20120128,2
41,20120129,2
41,20120130,2
41,20120131,2
41,20120201,1
41,20120202,2
41,20120203,1
41,20120204,2
41,20120205,2
41,20120206,2
41,20120207,2
41,20120208,1
41,20120209,2
41,20120210,1
41,20120211,2
41,20120212,2
41,20120213,2
41,20120214,2
41,20120215,1
41,20120216,2
41,20120217,1
41,20120218,2
41,20120219,2
41,20120220,2
41,20120221,2
41,20120222,2
41,20120223,2
41,20120224,2
41,20120225,2
41,20120226,2
41,20120227,2
41,20120228,2
41,20120229,1
41,20120301,2
41,20120302,1
41,20120303,2
41,20120304,2
41,20120305,2
41,20120306,2
41,20120307,1
41,20120308,2
41,20120309,1
41,20120310,2
41,20120311,2
41,20120312,2
41,20120313,2
41,20120314,1
41,20120315,2
41,20120316,1
41,20120317,2
41,20120318,2
41,20120319,2
41,20120320,2
41,20120321,1
41,20120322,2
41,20120323,1
41,20120324,2
41,20120325,2
41,20120326,2
41,20120327,2
41,20120328,1
41,20120329,2
41,20120330,1
42,20120102,1
42,20120103,1
42,20120104,2
42,20120105,2
42,20120106,1
42,20120107,2
42,20120108,2
42,20120109,1
42,20120110,1
42,20120111,2
42,20120112,2
42,20120113,1
42,20120114,2
42,20120115,2
42,20120116,1
42,20120117,1
42,20120118,2
42,20120119,2
42,20120120,1
42,20120121,2
42,20120122,2
42,20120123,1
42,20120124,1
42,20120125,2
42,20120126,2
42,20120127,1
42,20120128,2
42,20120129,2
42,20120130,1
42,20120131,1
42,20120201,2
42,20120202,2
42,20120203,1
42,20120204,2
42,20120205,2
42,20120206,1
42,20120207,1
42,20120208,2
42,20120209,2
42,20120210,1
42,20120211,2
42,20120212,2
42,20120213,1
42,20120214,1
42,20120215,2
42,20120216,2
42,20120217,1
42,20120218,2
42,20120219,2
42,20120220,2
42,20120221,2
42,20120222,2
42,20120223,2
42,20120224,2
42,20120225,2
42,20120226,2
42,20120227,1
42,20120228,1
42,20120229,2
42,20120301,2
42,20120302,1
42,20120303,2
42,20120304,2
42,20120305,1
42,20120306,1
42,20120307,2
42,20120308,2
42,20120309,1
42,20120310,2
42,20120311,2
42,20120312,1
42,20120313,1
42,20120314,2
42,20120315,2
42,20120316,1
42,20120317,2
42,20120318,2
42,20120319,1
42,20120320,1
42,20120321,2
42,20120322,2
42,20120323,1
42,20120324,2
42,20120325,2
42,20120326,1
42,20120327,1
42,20120328,2
42,20120329,2
42,20120330,1
43,20120102,1
43,20120103,2
43,20120104,1
43,20120105,1
43,20120106,2
43,20120107,2
43,20120108,2
43,20120109,1
43,20120110,2
43,20120111,1
43,20120112,1
43,20120113,2
43,20120114,2
43,20120115,2
43,20120116,1
43,20120117,2
43,20120118,1
43,20120119,1
43,20120120,2
43,20120121,2
43,20120122,2
43,20120123,1
43,20120124,2
43,20120125,1
43,20120126,1
43,20120127,2
43,20120128,2
43,20120129,2
43,20120130,1
43,20120131,2
43,20120201,1
43,20120202,1
43,20120203,2
43,20120204,2
43,20120205,2
43,20120206,1
43,20120207,2
43,20120208,1
43,20120209,1
43,20120210,2
43,20120211,2
43,20120212,2
43,20120213,1
43,20120214,2
43,20120215,1
43,20120216,1
43,20120217,2
43,20120218,2
43,20120219,2
43,20120220,2
43,20120221,2
43,20120222,2
43,20120223,2
43,20120224,2
43,20120225,2
43,20120226,2
43,20120227,1
43,20120228,2
43,20120229,1
43,20120301,1
43,20120302,2
43,20120303,2
43,20120304,2
43,20120305,1
43,20120306,2
43,20120307,1
43,20120308,1
43,20120309,2
43,20120310,2
43,20120311,2
43,20120312,1
43,20120313,2
43,20120314,1
43,20120315,1
43,20120316,2
43,20120317,2
43,20120318,2
43,20120319,1
43,20120320,2
43,20120321,1
43,20120322,1
43,20120323,2
43,20120324,2
43,20120325,2
43,20120326,1
43,20120327,2
43,20120328,1
43,20120329,1
43,20120330,2
44,20120102,2
44,20120103,1
44,20120104,1
44,20120105,2
44,20120106,2
44,20120107,2
44,20120108,2
44,20120109,2
44,20120110,1
44,20120111,1
44,20120112,2
44,20120113,2
44,20120114,2
44,20120115,2
44,20120116,2
44,20120117,1
44,20120118,1
44,20120119,2
44,20120120,2
44,20120121,2
44,20120122,2
44,20120123,2
44,20120124,1
44,20120125,1
44,20120126,2
44,20120127,2
44,20120128,2
44,20120129,2
44,20120130,2
44,20120131,1
44,20120201,1
44,20120202,2
44,20120203,2
44,20120204,2
44,20120205,2
44,20120206,2
44,20120207,1
44,20120208,1
44,20120209,2
44,20120210,2
44,20120211,2
44,20120212,2
44,20120213,2
44,20120214,1
44,20120215,1
44,20120216,2
44,20120217,2
44,20120218,2
44,20120219,2
44,20120220,2
44,20120221,2
44,20120222,2
44,20120223,2
44,20120224,2
44,20120225,2
44,20120226,2
44,20120227,2
44,20120228,1
44,20120229,1
44,20120301,2
44,20120302,2
44,20120303,2
44,20120304,2
44,20120305,2
44,20120306,1
44,20120307,1
44,20120308,2
44,20120309,2
44,20120310,2
44,20120311,2
44,20120312,2
44,20120313,1
44,20120314,1
44,20120315,2
44,20120316,2
44,20120317,2
44,20120318,2
44,20120319,2
44,20120320,1
44,20120321,1
44,20120322,2
44,20120323,2
44,20120324,2
44,20120325,2
44,20120326,2
44,20120327,1
44,20120328,1
44,20120329,2
44,20120330,2
45,20120102,1
45,20120103,1
45,20120104,2
45,20120105,2
45,20120106,1
45,20120107,2
45,20120108,2
45,20120109,1
45,20120110,1
45,20120111,2
45,20120112,2
45,20120113,1
45,20120114,2
45,20120115,2
45,20120116,1
45,20120117,1
45,20120118,2
45,20120119,2
45,20120120,1
45,20120121,2
45,20120122,2
45,20120123,1
45,20120124,1
45,20120125,2
45,20120126,2
45,20120127,1
45,20120128,2
45,20120129,2
45,20120130,1
45,20120131,1
45,20120201,2
45,20120202,2
45,20120203,1
45,20120204,2
45,20120205,2
45,20120206,1
45,20120207,1
45,20120208,2
45,20120209,2
45,20120210,1
45,20120211,2
45,20120212,2
45,20120213,1
45,20120214,1
45,20120215,2
45,20120216,2
45,20120217,1
45,20120218,2
45,20120219,2
45,20120220,1
45,20120221,1
45,20120222,2
45,20120223,2
45,20120224,1
45,20120225,2
45,20120226,2
45,20120227,1
45,20120228,1
45,20120229,2
45,20120301,2
45,20120302,1
45,20120303,2
45,20120304,2
45,20120305,1
45,20120306,1
45,20120307,2
45,20120308,2
45,20120309,1
45,20120310,2
45,20120311,2
45,20120312,1
45,20120313,1
45,20120314,2
45,20120315,2
45,20120316,1
45,20120317,2
45,20120318,2
45,20120319,1
45,20120320,1
45,20120321,2
45,20120322,2
45,20120323,1
45,20120324,2
45,20120325,2
45,20120326,1
45,20120327,1
45,20120328,2
45,20120329,2
45,20120330,1
46,20120102,1
46,20120103,1
46,20120104,1
46,20120105,1
46,20120106,1
46,20120107,2
46,20120108,2
46,20120109,1
46,20120110,1
46,20120111,1
46,20120112,1
46,20120113,1
46,20120114,2
46,20120115,2
46,20120116,1
46,20120117,1
46,20120118,1
46,20120119,1
46,20120120,1
46,20120121,2
46,20120122,2
46,20120123,1
46,20120124,1
46,20120125,1
46,20120126,1
46,20120127,1
46,20120128,2
46,20120129,2
46,20120130,1
46,20120131,1
46,20120201,1
46,20120202,1
46,20120203,1
46,20120204,2
46,20120205,2
46,20120206,1
46,20120207,1
46,20120208,1
46,20120209,1
46,20120210,1
46,20120211,2
46,20120212,2
46,20120213,1
46,20120214,1
46,20120215,1
46,20120216,1
46,20120217,1
46,20120218,2
46,20120219,2
46,20120220,1
46,20120221,1
46,20120222,1
46,20120223,1
46,20120224,1
46,20120225,2
46,20120226,2
46,20120227,1
46,20120228,1
46,20120229,1
46,20120301,1
46,20120302,1
46,20120303,2
46,20120304,2
46,20120305,1
46,20120306,1
46,20120307,1
46,20120308,1
46,20120309,1
46,20120310,2
46,20120311,2
46,20120312,1
46,20120313,1
46,20120314,1
46,20120315,1
46,20120316,1
46,20120317,2
46,20120318,2
46,20120319,1
46,20120320,1
46,20120321,1
46,20120322,1
46,20120323,1
46,20120324,2
46,20120325,2
46,20120326,1
46,20120327,1
46,20120328,1
46,20120329,1
46,20120330,1
47,20120102,2
47,20120103,2
47,20120104,2
47,20120105,2
47,20120106,2
47,20120107,2
47,20120108,2
47,20120109,2
47,20120110,2
47,20120111,2
47,20120112,2
47,20120113,2
47,20120114,2
47,20120115,2
47,20120116,2
47,20120117,2
47,20120118,2
47,20120119,2
47,20120120,2
47,20120121,2
47,20120122,2
47,20120123,2
47,20120124,2
47,20120125,2
47,20120126,2
47,20120127,2
47,20120128,2
47,20120129,2
47,20120130,2
47,20120131,2
47,20120201,2
47,20120202,2
47,20120203,2
47,20120204,2
47,20120205,2
47,20120206,2
47,20120207,2
47,20120208,2
47,20120209,2
47,20120210,2
47,20120211,2
47,20120212,2
47,20120213,2
47,20120214,2
47,20120215,2
47,20120216,2
47,20120217,2
47,20120218,2
47,20120219,2
47,20120220,1
47,20120221,1
47,20120222,1
47,20120223,1
47,20120224,1
47,20120225,2
47,20120226,2
47,20120227,2
47,20120228,2
47,20120229,2
47,20120301,2
47,20120302,2
47,20120303,2
47,20120304,2
47,20120305,2
47,20120306,2
47,20120307,2
47,20120308,2
47,20120309,2
47,20120310,2
47,20120311,2
47,20120312,2
47,20120313,2
47,20120314,2
47,20120315,2
47,20120316,2
47,20120317,2
47,20120318,2
47,20120319,2
47,20120320,2
47,20120321,2
47,20120322,2
47,20120323,2
47,20120324,2
47,20120325,2
47,20120326,2
47,20120327,2
47,20120328,2
47,20120329,2
47,20120330,2
48,20120102,1
48,20120103,1
48,20120104,1
48,20120105,1
48,20120106,1
48,20120107,2
48,20120108,2
48,20120109,1
48,20120110,1
48,20120111,1
48,20120112,1
48,20120113,1
48,20120114,2
48,20120115,2
48,20120116,1
48,20120117,1
48,20120118,1
48,20120119,1
48,20120120,1
48,20120121,2
48,20120122,2
48,20120123,1
48,20120124,1
48,20120125,1
48,20120126,1
48,20120127,1
48,20120128,2
48,20120129,2
48,20120130,1
48,20120131,1
48,20120201,1
48,20120202,1
48,20120203,1
48,20120204,2
48,20120205,2
48,20120206,1
48,20120207,1
48,20120208,1
48,20120209,1
48,20120210,1
48,20120211,2
48,20120212,2
48,20120213,1
48,20120214,1
48,20120215,1
48,20120216,1
48,20120217,1
48,20120218,2
48,20120219,2
48,20120220,1
48,20120221,1
48,20120222,1
48,20120223,1
48,20120224,1
48,20120225,2
48,20120226,2
48,20120227,1
48,20120228,1
48,20120229,1
48,20120301,1
48,20120302,1
48,20120303,2
48,20120304,2
48,20120305,1
48,20120306,1
48,20120307,1
48,20120308,1
48,20120309,1
48,20120310,2
48,20120311,2
48,20120312,1
48,20120313,1
48,20120314,1
48,20120315,1
48,20120316,1
48,20120317,2
48,20120318,2
48,20120319,1
48,20120320,1
48,20120321,1
48,20120322,1
48,20120323,1
48,20120324,2
48,20120325,2
48,20120326,1
48,20120327,1
48,20120328,1
48,20120329,1
48,20120330,1
49,20120102,2
49,20120103,2
49,20120104,2
49,20120105,2
49,20120106,2
49,20120107,1
49,20120108,2
49,20120109,2
49,20120110,2
49,20120111,2
49,20120112,2
49,20120113,2
49,20120114,1
49,20120115,2
49,20120116,2
49,20120117,2
49,20120118,2
49,20120119,2
49,20120120,2
49,20120121,1
49,20120122,2
49,20120123,2
49,20120124,2
49,20120125,2
49,20120126,2
49,20120127,2
49,20120128,1
49,20120129,2
49,20120130,2
49,20120131,2
49,20120201,2
49,20120202,2
49,20120203,2
49,20120204,1
49,20120205,2
49,20120206,2
49,20120207,2
49,20120208,2
49,20120209,2
49,20120210,2
49,20120211,1
49,20120212,2
49,20120213,2
49,20120214,2
49,20120215,2
49,20120216,2
49,20120217,2
49,20120218,1
49,20120219,2
49,20120220,2
49,20120221,2
49,20120222,2
49,20120223,2
49,20120224,2
49,20120225,1
49,20120226,2
49,20120227,2
49,20120228,2
49,20120229,2
49,20120301,2
49,20120302,2
49,20120303,1
49,20120304,2
49,20120305,2
49,20120306,2
49,20120307,2
49,20120308,2
49,20120309,2
49,20120310,1
49,20120311,2
49,20120312,2
49,20120313,2
49,20120314,2
49,20120315,2
49,20120316,2
49,20120317,1
49,20120318,2
49,20120319,2
49,20120320,2
49,20120321,2
49,20120322,2
49,20120323,2
49,20120324,1
49,20120325,2
49,20120326,2
49,20120327,2
49,20120328,2
49,20120329,2
49,20120330,2
50,20120102,2
50,20120103,2
50,20120104,2
50,20120105,2
50,20120106,2
50,20120107,2
50,20120108,1
50,20120109,2
50,20120110,2
50,20120111,2
50,20120112,2
50,20120113,2
50,20120114,2
50,20120115,1
50,20120116,2
50,20120117,2
50,20120118,2
50,20120119,2
50,20120120,2
50,20120121,2
50,20120122,1
50,20120123,2
50,20120124,2
50,20120125,2
50,20120126,2
50,20120127,2
50,20120128,2
50,20120129,1
50,20120130,2
50,20120131,2
50,20120201,2
50,20120202,2
50,20120203,2
50,20120204,2
50,20120205,1
50,20120206,2
50,20120207,2
50,20120208,2
50,20120209,2
50,20120210,2
50,20120211,2
50,20120212,1
50,20120213,2
50,20120214,2
50,20120215,2
50,20120216,2
50,20120217,2
50,20120218,2
50,20120219,1
50,20120220,2
50,20120221,2
50,20120222,2
50,20120223,2
50,20120224,2
50,20120225,2
50,20120226,1
50,20120227,2
50,20120228,2
50,20120229,2
50,20120301,2
50,20120302,2
50,20120303,2
50,20120304,1
50,20120305,2
50,20120306,2
50,20120307,2
50,20120308,2
50,20120309,2
50,20120310,2
50,20120311,1
50,20120312,2
50,20120313,2
50,20120314,2
50,20120315,2
50,20120316,2
50,20120317,2
50,20120318,1
50,20120319,2
50,20120320,2
50,20120321,2
50,20120322,2
50,20120323,2
50,20120324,2
50,20120325,1
50,20120326,2
50,20120327,2
50,20120328,2
50,20120329,2
50,20120330,2
51,20120102,2
51,20120103,2
51,20120104,2
51,20120105,1
51,20120106,2
51,20120107,2
51,20120108,2
51,20120109,2
51,20120110,2
51,20120111,2
51,20120112,1
51,20120113,2
51,20120114,2
51,20120115,2
51,20120116,2
51,20120117,2
51,20120118,2
51,20120119,1
51,20120120,2
51,20120121,2
51,20120122,2
51,20120123,2
51,20120124,2
51,20120125,2
51,20120126,1
51,20120127,2
51,20120128,2
51,20120129,2
51,20120130,2
51,20120131,2
51,20120201,2
51,20120202,1
51,20120203,2
51,20120204,2
51,20120205,2
51,20120206,2
51,20120207,2
51,20120208,2
51,20120209,1
51,20120210,2
51,20120211,2
51,20120212,2
51,20120213,2
51,20120214,2
51,20120215,2
51,20120216,1
51,20120217,2
51,20120218,2
51,20120219,2
51,20120220,2
51,20120221,2
51,20120222,2
51,20120223,1
51,20120224,2
51,20120225,2
51,20120226,2
51,20120227,2
51,20120228,2
51,20120229,2
51,20120301,1
51,20120302,2
51,20120303,2
51,20120304,2
51,20120305,2
51,20120306,2
51,20120307,2
51,20120308,1
51,20120309,2
51,20120310,2
51,20120311,2
51,20120312,2
51,20120313,2
51,20120314,2
51,20120315,1
51,20120316,2
51,20120317,2
51,20120318,2
51,20120319,2
51,20120320,2
51,20120321,2
51,20120322,1
51,20120323,2
51,20120324,2
51,20120325,2
51,20120326,2
51,20120327,2
51,20120328,2
51,20120329,1
51,20120330,2
52,20120102,2
52,20120103,2
52,20120104,2
52,20120105,2
52,20120106,1
52,20120107,2
52,20120108,2
52,20120109,2
52,20120110,2
52,20120111,2
52,20120112,2
52,20120113,1
52,20120114,2
52,20120115,2
52,20120116,2
52,20120117,2
52,20120118,2
52,20120119,2
52,20120120,1
52,20120121,2
52,20120122,2
52,20120123,2
52,20120124,2
52,20120125,2
52,20120126,2
52,20120127,1
52,20120128,2
52,20120129,2
52,20120130,2
52,20120131,2
52,20120201,2
52,20120202,2
52,20120203,1
52,20120204,2
52,20120205,2
52,20120206,2
52,20120207,2
52,20120208,2
52,20120209,2
52,20120210,1
52,20120211,2
52,20120212,2
52,20120213,2
52,20120214,2
52,20120215,2
1,20120102,1
1,20120103,1
1,20120104,1
1,20120105,1
1,20120106,1
1,20120107,2
1,20120108,2
1,20120109,1
1,20120110,1
1,20120111,1
1,20120112,1
1,20120113,1
1,20120114,2
1,20120115,2
1,20120116,1
1,20120117,1
1,20120118,1
1,20120119,1
1,20120120,1
1,20120121,2
1,20120122,2
1,20120123,1
1,20120124,1
1,20120125,1
1,20120126,1
1,20120127,1
1,20120128,2
1,20120129,2
1,20120130,1
1,20120131,1
1,20120201,1
1,20120202,1
1,20120203,1
1,20120204,2
1,20120205,2
1,20120206,1
1,20120207,1
1,20120208,1
1,20120209,1
1,20120210,1
1,20120211,2
1,20120212,2
1,20120213,1
1,20120214,1
1,20120215,1
1,20120216,1
1,20120217,1
1,20120218,2
1,20120219,2
1,20120220,1
1,20120221,1
1,20120222,1
1,20120223,1
1,20120224,1
1,20120225,2
1,20120226,2
1,20120227,1
1,20120228,1
1,20120229,1
1,20120301,1
1,20120302,1
1,20120303,2
1,20120304,2
1,20120305,1
1,20120306,1
1,20120307,1
1,20120308,1
1,20120309,1
1,20120310,2
1,20120311,2
1,20120312,1
1,20120313,1
1,20120314,1
1,20120315,1
1,20120316,1
1,20120317,2
1,20120318,2
1,20120319,1
1,20120320,1
1,20120321,1
1,20120322,1
1,20120323,1
1,20120324,2
1,20120325,2
1,20120326,1
1,20120327,1
1,20120328,1
1,20120329,1
1,20120330,1
2,20120102,2
2,20120103,2
2,20120104,2
2,20120105,2
2,20120106,2
2,20120107,1
2,20120108,2
2,20120109,2
2,20120110,2
2,20120111,2
2,20120112,2
2,20120113,2
2,20120114,1
2,20120115,2
2,20120116,2
2,20120117,2
2,20120118,2
2,20120119,2
2,20120120,2
2,20120121,1
2,20120122,2
2,20120123,2
2,20120124,2
2,20120125,2
2,20120126,2
2,20120127,2
2,20120128,1
2,20120129,2
2,20120130,2
2,20120131,2
2,20120201,2
2,20120202,2
2,20120203,2
2,20120204,1
2,20120205,2
2,20120206,2
2,20120207,2
2,20120208,2
2,20120209,2
2,20120210,2
2,20120211,1
2,20120212,2
2,20120213,2
2,20120214,2
2,20120215,2
2,20120216,2
2,20120217,2
2,20120218,1
2,20120219,2
2,20120220,2
2,20120221,2
2,20120222,2
2,20120223,2
2,20120224,2
2,20120225,1
2,20120226,2
2,20120227,2
2,20120228,2
2,20120229,2
2,20120301,2
2,20120302,2
2,20120303,1
2,20120304,2
2,20120305,2
2,20120306,2
2,20120307,2
2,20120308,2
2,20120309,2
2,20120310,1
2,20120311,2
2,20120312,2
2,20120313,2
2,20120314,2
2,20120315,2
2,20120316,2
2,20120317,1
2,20120318,2
2,20120319,2
2,20120320,2
2,20120321,2
2,20120322,2
2,20120323,2
2,20120324,1
2,20120325,2
2,20120326,2
2,20120327,2
2,20120328,2
2,20120329,2
2,20120330,2
3,20120102,2
3,20120103,2
3,20120104,2
3,20120105,2
3,20120106,2
3,20120107,2
3,20120108,1
3,20120109,2
3,20120110,2
3,20120111,2
3,20120112,2
3,20120113,2
3,20120114,2
3,20120115,1
3,20120116,2
3,20120117,2
3,20120118,2
3,20120119,2
3,20120120,2
3,20120121,2
3,20120122,1
3,20120123,2
3,20120124,2
3,20120125,2
3,20120126,2
3,20120127,2
3,20120128,2
3,20120129,1
3,20120130,2
3,20120131,2
3,20120201,2
3,20120202,2
3,20120203,2
3,20120204,2
3,20120205,1
3,20120206,2
3,20120207,2
3,20120208,2
3,20120209,2
3,20120210,2
3,20120211,2
3,20120212,1
3,20120213,2
3,20120214,2
3,20120215,2
3,20120216,2
3,20120217,2
3,20120218,2
3,20120219,1
3,20120220,2
3,20120221,2
3,20120222,2
3,20120223,2
3,20120224,2
3,20120225,2
3,20120226,1
3,20120227,2
3,20120228,2
3,20120229,2
3,20120301,2
3,20120302,2
3,20120303,2
3,20120304,1
3,20120305,2
3,20120306,2
3,20120307,2
3,20120308,2
3,20120309,2
3,20120310,2
3,20120311,1
3,20120312,2
3,20120313,2
3,20120314,2
3,20120315,2
3,20120316,2
3,20120317,2
3,20120318,1
3,20120319,2
3,20120320,2
3,20120321,2
3,20120322,2
3,20120323,2
3,20120324,2
3,20120325,1
3,20120326,2
3,20120327,2
3,20120328,2
3,20120329,2
3,20120330,2
4,20120102,2
4,20120103,2
4,20120104,2
4,20120105,2
4,20120106,1
4,20120107,2
4,20120108,2
4,20120109,2
4,20120110,2
4,20120111,2
4,20120112,2
4,20120113,1
4,20120114,2
4,20120115,2
4,20120116,2
4,20120117,2
4,20120118,2
4,20120119,2
4,20120120,1
4,20120121,2
4,20120122,2
4,20120123,2
4,20120124,2
4,20120125,2
4,20120126,2
4,20120127,1
4,20120128,2
4,20120129,2
4,20120130,2
4,20120131,2
4,20120201,2
4,20120202,2
4,20120203,1
4,20120204,2
4,20120205,2
4,20120206,2
4,20120207,2
4,20120208,2
4,20120209,2
4,20120210,1
4,20120211,2
4,20120212,2
4,20120213,2
4,20120214,2
4,20120215,2
4,20120216,2
4,20120217,1
4,20120218,2
4,20120219,2
4,20120220,2
4,20120221,2
4,20120222,2
4,20120223,2
4,20120224,1
4,20120225,2
4,20120226,2
4,20120227,2
4,20120228,2
4,20120229,2
4,20120301,2
4,20120302,1
4,20120303,2
4,20120304,2
4,20120305,2
4,20120306,2
4,20120307,2
4,20120308,2
4,20120309,1
4,20120310,2
4,20120311,2
4,20120312,2
4,20120313,2
4,20120314,2
4,20120315,2
4,20120316,1
4,20120317,2
4,20120318,2
4,20120319,2
4,20120320,2
4,20120321,2
4,20120322,2
4,20120323,1
4,20120324,2
4,20120325,2
4,20120326,2
4,20120327,2
4,20120328,2
4,20120329,2
4,20120330,1
5,20120102,1
5,20120103,1
5,20120104,1
5,20120105,1
5,20120106,2
5,20120107,2
5,20120108,2
5,20120109,1
5,20120110,1
5,20120111,1
5,20120112,1
5,20120113,2
5,20120114,2
5,20120115,2
5,20120116,1
5,20120117,1
5,20120118,1
5,20120119,1
5,20120120,2
5,20120121,2
5,20120122,2
5,20120123,1
5,20120124,1
5,20120125,1
5,20120126,1
5,20120127,2
18,20120117,2
18,20120118,1
18,20120119,2
18,20120120,2
18,20120121,2
18,20120122,2
18,20120123,1
18,20120124,2
18,20120125,1
18,20120126,2
18,20120127,2
18,20120128,2
18,20120129,2
18,20120130,1
18,20120131,2
18,20120201,1
18,20120202,2
18,20120203,2
18,20120204,2
18,20120205,2
18,20120206,1
18,20120207,2
18,20120208,1
18,20120209,2
18,20120210,2
18,20120211,2
18,20120212,2
18,20120213,1
18,20120214,2
18,20120215,1
18,20120216,2
18,20120217,2
18,20120218,2
18,20120219,2
18,20120220,2
18,20120221,2
18,20120222,2
18,20120223,2
18,20120224,2
18,20120225,2
18,20120226,2
18,20120227,1
18,20120228,2
18,20120229,1
18,20120301,2
18,20120302,2
18,20120303,2
18,20120304,2
18,20120305,1
18,20120306,2
18,20120307,1
18,20120308,2
18,20120309,2
18,20120310,2
18,20120311,2
18,20120312,1
18,20120313,2
18,20120314,1
18,20120315,2
18,20120316,2
18,20120317,2
18,20120318,2
18,20120319,1
18,20120320,2
18,20120321,1
18,20120322,2
18,20120323,2
18,20120324,2
18,20120325,2
18,20120326,1
18,20120327,2
18,20120328,1
18,20120329,2
18,20120330,2
19,20120102,1
19,20120103,1
19,20120104,1
19,20120105,1
19,20120106,1
19,20120107,2
19,20120108,2
19,20120109,1
19,20120110,1
19,20120111,1
19,20120112,1
19,20120113,1
19,20120114,2
19,20120115,2
19,20120116,1
19,20120117,1
19,20120118,1
19,20120119,1
19,20120120,1
19,20120121,2
19,20120122,2
19,20120123,1
19,20120124,1
19,20120125,1
19,20120126,1
19,20120127,1
19,20120128,2
19,20120129,2
19,20120130,1
19,20120131,1
19,20120201,1
19,20120202,1
19,20120203,1
19,20120204,2
19,20120205,2
19,20120206,1
19,20120207,1
19,20120208,1
19,20120209,1
19,20120210,1
19,20120211,2
19,20120212,2
19,20120213,1
19,20120214,1
19,20120215,1
19,20120216,1
19,20120217,1
19,20120218,2
19,20120219,2
19,20120220,2
19,20120221,2
19,20120222,2
19,20120223,2
19,20120224,2
19,20120225,2
19,20120226,2
19,20120227,1
19,20120228,1
19,20120229,1
19,20120301,1
19,20120302,1
19,20120303,2
19,20120304,2
19,20120305,1
19,20120306,1
19,20120307,1
19,20120308,1
19,20120309,1
19,20120310,2
19,20120311,2
19,20120312,1
19,20120313,1
19,20120314,1
19,20120315,1
19,20120316,1
19,20120317,2
19,20120318,2
19,20120319,1
19,20120320,1
19,20120321,1
19,20120322,1
19,20120323,1
19,20120324,2
19,20120325,2
19,20120326,1
19,20120327,1
19,20120328,1
19,20120329,1
19,20120330,1
20,20120102,1
20,20120103,1
20,20120104,1
20,20120105,1
20,20120106,1
20,20120107,2
20,20120108,2
20,20120109,1
20,20120110,1
20,20120111,1
20,20120112,1
20,20120113,1
20,20120114,2
20,20120115,2
20,20120116,1
20,20120117,1
20,20120118,1
20,20120119,1
20,20120120,1
20,20120121,2
20,20120122,2
20,20120123,1
20,20120124,1
20,20120125,1
20,20120126,1
20,20120127,1
20,20120128,2
20,20120129,2
20,20120130,1
20,20120131,1
20,20120201,1
20,20120202,1
20,20120203,1
20,20120204,2
20,20120205,2
20,20120206,1
20,20120207,1
20,20120208,1
20,20120209,1
20,20120210,1
20,20120211,2
20,20120212,2
20,20120213,1
20,20120214,1
20,20120215,1
20,20120216,1
20,20120217,1
20,20120218,2
20,20120219,2
20,20120220,2
20,20120221,2
20,20120222,2
20,20120223,2
20,20120224,2
20,20120225,2
20,20120226,2
20,20120227,1
20,20120228,1
20,20120229,1
20,20120301,1
20,20120302,1
20,20120303,2
20,20120304,2
20,20120305,1
20,20120306,1
20,20120307,1
20,20120308,1
20,20120309,1
20,20120310,2
20,20120311,2
20,20120312,1
20,20120313,1
20,20120314,1
20,20120315,1
20,20120316,1
20,20120317,2
20,20120318,2
20,20120319,1
20,20120320,1
20,20120321,1
20,20120322,1
20,20120323,1
20,20120324,2
20,20120325,2
20,20120326,1
20,20120327,1
20,20120328,1
20,20120329,1
20,20120330,1
21,20120102,1
21,20120103,1
21,20120104,1
21,20120105,1
21,20120106,1
21,20120107,2
21,20120108,2
21,20120109,1
21,20120110,1
21,20120111,1
21,20120112,1
21,20120113,1
21,20120114,2
21,20120115,2
21,20120116,1
21,20120117,1
21,20120118,1
21,20120119,1
21,20120120,1
21,20120121,2
21,20120122,2
21,20120123,1
21,20120124,1
21,20120125,1
21,20120126,1
21,20120127,1
21,20120128,2
21,20120129,2
21,20120130,1
21,20120131,1
21,20120201,1
21,20120202,1
21,20120203,1
21,20120204,2
21,20120205,2
21,20120206,1
21,20120207,1
21,20120208,1
21,20120209,1
21,20120210,1
21,20120211,2
21,20120212,2
21,20120213,1
21,20120214,1
21,20120215,1
21,20120216,1
21,20120217,1
21,20120218,2
21,20120219,2
21,20120220,2
21,20120221,2
21,20120222,2
21,20120223,2
21,20120224,2
21,20120225,2
21,20120226,2
21,20120227,1
21,20120228,1
21,20120229,1
21,20120301,1
21,20120302,1
21,20120303,2
21,20120304,2
21,20120305,1
21,20120306,1
21,20120307,1
21,20120308,1
21,20120309,1
21,20120310,2
21,20120311,2
21,20120312,1
21,20120313,1
21,20120314,1
21,20120315,1
21,20120316,1
21,20120317,2
21,20120318,2
21,20120319,1
21,20120320,1
21,20120321,1
21,20120322,1
21,20120323,1
21,20120324,2
21,20120325,2
21,20120326,1
21,20120327,1
21,20120328,1
21,20120329,1
21,20120330,1
22,20120102,1
22,20120103,1
22,20120104,1
22,20120105,1
22,20120106,1
22,20120107,2
22,20120108,2
22,20120109,1
22,20120110,1
22,20120111,1
22,20120112,1
22,20120113,1
22,20120114,2
22,20120115,2
22,20120116,1
22,20120117,1
22,20120118,1
22,20120119,1
22,20120120,1
22,20120121,2
22,20120122,2
22,20120123,1
22,20120124,1
22,20120125,1
22,20120126,1
22,20120127,1
22,20120128,2
22,20120129,2
22,20120130,1
22,20120131,1
22,20120201,1
22,20120202,1
22,20120203,1
22,20120204,2
22,20120205,2
22,20120206,1
22,20120207,1
22,20120208,1
22,20120209,1
22,20120210,1
22,20120211,2
26,20120309,1
26,20120310,2
26,20120311,2
26,20120312,1
26,20120313,1
26,20120314,1
26,20120315,1
26,20120316,1
26,20120317,2
26,20120318,2
26,20120319,1
26,20120320,1
26,20120321,1
26,20120322,1
26,20120323,1
26,20120324,2
26,20120325,2
26,20120326,1
26,20120327,1
26,20120328,1
26,20120329,1
26,20120330,1
27,20120102,1
27,20120103,2
27,20120104,2
27,20120105,2
27,20120106,2
27,20120107,2
27,20120108,2
27,20120109,1
27,20120110,2
27,20120111,2
27,20120112,2
27,20120113,2
27,20120114,2
27,20120115,2
27,20120116,1
27,20120117,2
27,20120118,2
27,20120119,2
27,20120120,2
27,20120121,2
27,20120122,2
27,20120123,1
27,20120124,2
27,20120125,2
27,20120126,2
27,20120127,2
27,20120128,2
27,20120129,2
27,20120130,1
27,20120131,2
27,20120201,2
27,20120202,2
27,20120203,2
27,20120204,2
27,20120205,2
27,20120206,1
27,20120207,2
27,20120208,2
27,20120209,2
27,20120210,2
27,20120211,2
27,20120212,2
27,20120213,1
27,20120214,2
27,20120215,2
27,20120216,2
27,20120217,2
27,20120218,2
27,20120219,2
27,20120220,2
27,20120221,2
27,20120222,2
27,20120223,2
27,20120224,2
27,20120225,2
27,20120226,2
27,20120227,1
27,20120228,2
27,20120229,2
27,20120301,2
27,20120302,2
27,20120303,2
27,20120304,2
27,20120305,1
27,20120306,2
27,20120307,2
27,20120308,2
27,20120309,2
27,20120310,2
27,20120311,2
27,20120312,1
27,20120313,2
27,20120314,2
27,20120315,2
27,20120316,2
27,20120317,2
27,20120318,2
27,20120319,1
27,20120320,2
27,20120321,2
27,20120322,2
27,20120323,2
27,20120324,2
27,20120325,2
27,20120326,1
27,20120327,2
27,20120328,2
27,20120329,2
27,20120330,2
28,20120102,2
28,20120103,2
28,20120104,2
28,20120105,1
28,20120106,2
28,20120107,2
28,20120108,2
28,20120109,2
28,20120110,2
28,20120111,2
28,20120112,1
28,20120113,2
28,20120114,2
28,20120115,2
28,20120116,2
28,20120117,2
28,20120118,2
28,20120119,1
28,20120120,2
28,20120121,2
28,20120122,2
28,20120123,2
28,20120124,2
28,20120125,2
28,20120126,1
28,20120127,2
28,20120128,2
28,20120129,2
28,20120130,2
28,20120131,2
28,20120201,2
28,20120202,1
28,20120203,2
28,20120204,2
28,20120205,2
28,20120206,2
28,20120207,2
28,20120208,2
28,20120209,1
28,20120210,2
28,20120211,2
28,20120212,2
28,20120213,2
28,20120214,2
28,20120215,2
28,20120216,1
28,20120217,2
28,20120218,2
28,20120219,2
28,20120220,2
28,20120221,2
28,20120222,2
28,20120223,2
28,20120224,2
28,20120225,2
28,20120226,2
28,20120227,2
28,20120228,2
28,20120229,2
28,20120301,1
28,20120302,2
28,20120303,2
28,20120304,2
28,20120305,2
28,20120306,2
28,20120307,2
28,20120308,1
28,20120309,2
28,20120310,2
28,20120311,2
28,20120312,2
28,20120313,2
28,20120314,2
28,20120315,1
28,20120316,2
28,20120317,2
28,20120318,2
28,20120319,2
28,20120320,2
28,20120321,2
28,20120322,1
28,20120323,2
28,20120324,2
28,20120325,2
28,20120326,2
28,20120327,2
28,20120328,2
28,20120329,1
28,20120330,2
29,20120102,1
29,20120103,1
29,20120104,1
29,20120105,1
29,20120106,1
29,20120107,2
29,20120108,2
29,20120109,1
29,20120110,1
29,20120111,1
29,20120112,1
29,20120113,1
29,20120114,2
29,20120115,2
29,20120116,1
29,20120117,1
29,20120118,1
29,20120119,1
29,20120120,1
29,20120121,2
29,20120122,2
29,20120123,1
29,20120124,1
29,20120125,1
29,20120126,1
29,20120127,1
29,20120128,2
29,20120129,2
29,20120130,1
29,20120131,1
29,20120201,1
29,20120202,1
29,20120203,1
29,20120204,2
29,20120205,2
29,20120206,1
29,20120207,1
29,20120208,1
29,20120209,1
29,20120210,1
29,20120211,2
29,20120212,2
29,20120213,1
29,20120214,1
29,20120215,1
29,20120216,1
29,20120217,1
29,20120218,2
29,20120219,2
29,20120220,2
29,20120221,2
29,20120222,2
29,20120223,2
29,20120224,2
29,20120225,2
29,20120226,2
29,20120227,1
29,20120228,1
29,20120229,1
29,20120301,1
29,20120302,1
29,20120303,2
29,20120304,2
29,20120305,1
29,20120306,1
29,20120307,1
29,20120308,1
29,20120309,1
29,20120310,2
29,20120311,2
29,20120312,1
29,20120313,1
29,20120314,1
29,20120315,1
29,20120316,1
29,20120317,2
29,20120318,2
29,20120319,1
29,20120320,1
29,20120321,1
29,20120322,1
29,20120323,1
29,20120324,2
29,20120325,2
29,20120326,1
29,20120327,1
29,20120328,1
29,20120329,1
29,20120330,1
30,20120102,1
30,20120103,1
30,20120104,1
30,20120105,1
30,20120106,2
30,20120107,2
30,20120108,2
30,20120109,1
30,20120110,1
30,20120111,1
30,20120112,1
30,20120113,2
30,20120114,2
30,20120115,2
30,20120116,1
30,20120117,1
30,20120118,1
30,20120119,1
30,20120120,2
30,20120121,2
30,20120122,2
30,20120123,1
30,20120124,1
30,20120125,1
30,20120126,1
30,20120127,2
30,20120128,2
30,20120129,2
30,20120130,1
30,20120131,1
30,20120201,1
30,20120202,1
30,20120203,2
30,20120204,2
30,20120205,2
30,20120206,1
30,20120207,1
30,20120208,1
30,20120209,1
30,20120210,2
30,20120211,2
30,20120212,2
30,20120213,1
30,20120214,1
30,20120215,1
30,20120216,1
30,20120217,2
30,20120218,2
30,20120219,2
30,20120220,2
30,20120221,2
30,20120222,2
30,20120223,2
30,20120224,2
30,20120225,2
30,20120226,2
30,20120227,1
30,20120228,1
30,20120229,1
30,20120301,1
30,20120302,2
30,20120303,2
30,20120304,2
30,20120305,1
30,20120306,1
30,20120307,1
30,20120308,1
30,20120309,2
30,20120310,2
30,20120311,2
30,20120312,1
30,20120313,1
30,20120314,1
30,20120315,1
30,20120316,2
30,20120317,2
30,20120318,2
30,20120319,1
30,20120320,1
30,20120321,1
30,20120322,1
30,20120323,2
30,20120324,2
30,20120325,2
30,20120326,1
30,20120327,1
30,20120328,1
30,20120329,1
30,20120330,2
31,20120102,1
31,20120103,1
31,20120104,1
31,20120105,1
22,20120212,2
22,20120213,1
22,20120214,1
22,20120215,1
22,20120216,1
22,20120217,1
22,20120218,2
22,20120219,2
22,20120220,2
22,20120221,2
22,20120222,2
22,20120223,2
22,20120224,2
22,20120225,2
22,20120226,2
22,20120227,1
22,20120228,1
22,20120229,1
22,20120301,1
22,20120302,1
22,20120303,2
22,20120304,2
22,20120305,1
22,20120306,1
22,20120307,1
22,20120308,1
22,20120309,1
22,20120310,2
22,20120311,2
22,20120312,1
22,20120313,1
22,20120314,1
22,20120315,1
22,20120316,1
22,20120317,2
22,20120318,2
22,20120319,1
22,20120320,1
22,20120321,1
22,20120322,1
22,20120323,1
22,20120324,2
22,20120325,2
22,20120326,1
22,20120327,1
22,20120328,1
22,20120329,1
22,20120330,1
23,20120102,2
23,20120103,2
23,20120104,1
23,20120105,2
23,20120106,2
23,20120107,2
23,20120108,2
23,20120109,2
23,20120110,2
23,20120111,1
23,20120112,2
23,20120113,2
23,20120114,2
23,20120115,2
23,20120116,2
23,20120117,2
23,20120118,1
23,20120119,2
23,20120120,2
23,20120121,2
23,20120122,2
23,20120123,2
23,20120124,2
23,20120125,1
23,20120126,2
23,20120127,2
23,20120128,2
23,20120129,2
23,20120130,2
23,20120131,2
23,20120201,1
23,20120202,2
23,20120203,2
23,20120204,2
23,20120205,2
23,20120206,2
23,20120207,2
23,20120208,1
23,20120209,2
23,20120210,2
23,20120211,2
23,20120212,2
23,20120213,2
23,20120214,2
23,20120215,1
23,20120216,2
23,20120217,2
23,20120218,2
23,20120219,2
23,20120220,2
23,20120221,2
23,20120222,2
23,20120223,2
23,20120224,2
23,20120225,2
23,20120226,2
23,20120227,2
23,20120228,2
23,20120229,1
23,20120301,2
23,20120302,2
23,20120303,2
23,20120304,2
23,20120305,2
23,20120306,2
23,20120307,1
23,20120308,2
23,20120309,2
23,20120310,2
23,20120311,2
23,20120312,2
23,20120313,2
23,20120314,1
23,20120315,2
23,20120316,2
23,20120317,2
23,20120318,2
23,20120319,2
23,20120320,2
23,20120321,1
23,20120322,2
23,20120323,2
23,20120324,2
23,20120325,2
23,20120326,2
23,20120327,2
23,20120328,1
23,20120329,2
23,20120330,2
24,20120102,2
24,20120103,2
24,20120104,2
24,20120105,2
24,20120106,1
24,20120107,2
24,20120108,2
24,20120109,2
24,20120110,2
24,20120111,2
24,20120112,2
24,20120113,1
24,20120114,2
24,20120115,2
24,20120116,2
24,20120117,2
24,20120118,2
24,20120119,2
24,20120120,1
24,20120121,2
24,20120122,2
24,20120123,2
24,20120124,2
24,20120125,2
24,20120126,2
24,20120127,1
24,20120128,2
24,20120129,2
24,20120130,2
24,20120131,2
24,20120201,2
24,20120202,2
24,20120203,1
24,20120204,2
24,20120205,2
24,20120206,2
24,20120207,2
24,20120208,2
24,20120209,2
24,20120210,1
24,20120211,2
24,20120212,2
24,20120213,2
24,20120214,2
24,20120215,2
24,20120216,2
24,20120217,1
24,20120218,2
24,20120219,2
24,20120220,2
24,20120221,2
24,20120222,2
24,20120223,2
24,20120224,2
24,20120225,2
24,20120226,2
24,20120227,2
24,20120228,2
24,20120229,2
24,20120301,2
24,20120302,1
24,20120303,2
24,20120304,2
24,20120305,2
24,20120306,2
24,20120307,2
24,20120308,2
24,20120309,1
24,20120310,2
24,20120311,2
24,20120312,2
24,20120313,2
24,20120314,2
24,20120315,2
24,20120316,1
24,20120317,2
24,20120318,2
24,20120319,2
24,20120320,2
24,20120321,2
24,20120322,2
24,20120323,1
24,20120324,2
24,20120325,2
24,20120326,2
24,20120327,2
24,20120328,2
24,20120329,2
24,20120330,1
25,20120102,2
25,20120103,1
25,20120104,2
25,20120105,2
25,20120106,2
25,20120107,2
25,20120108,2
25,20120109,2
25,20120110,1
25,20120111,2
25,20120112,2
25,20120113,2
25,20120114,2
25,20120115,2
25,20120116,2
25,20120117,1
25,20120118,2
25,20120119,2
25,20120120,2
25,20120121,2
25,20120122,2
25,20120123,2
25,20120124,1
25,20120125,2
25,20120126,2
25,20120127,2
25,20120128,2
25,20120129,2
25,20120130,2
25,20120131,1
25,20120201,2
25,20120202,2
25,20120203,2
25,20120204,2
25,20120205,2
25,20120206,2
25,20120207,1
25,20120208,2
25,20120209,2
25,20120210,2
25,20120211,2
25,20120212,2
25,20120213,2
25,20120214,1
25,20120215,2
25,20120216,2
25,20120217,2
25,20120218,2
25,20120219,2
25,20120220,2
25,20120221,2
25,20120222,2
25,20120223,2
25,20120224,2
25,20120225,2
25,20120226,2
25,20120227,2
25,20120228,1
25,20120229,2
25,20120301,2
25,20120302,2
25,20120303,2
25,20120304,2
25,20120305,2
25,20120306,1
25,20120307,2
25,20120308,2
25,20120309,2
25,20120310,2
25,20120311,2
25,20120312,2
25,20120313,1
25,20120314,2
25,20120315,2
25,20120316,2
25,20120317,2
25,20120318,2
25,20120319,2
25,20120320,1
25,20120321,2
25,20120322,2
25,20120323,2
25,20120324,2
25,20120325,2
25,20120326,2
25,20120327,1
25,20120328,2
25,20120329,2
25,20120330,2
26,20120102,1
26,20120103,1
26,20120104,1
26,20120105,1
26,20120106,1
26,20120107,2
26,20120108,2
26,20120109,1
26,20120110,1
26,20120111,1
26,20120112,1
26,20120113,1
26,20120114,2
26,20120115,2
26,20120116,1
26,20120117,1
26,20120118,1
26,20120119,1
26,20120120,1
26,20120121,2
26,20120122,2
26,20120123,1
26,20120124,1
26,20120125,1
26,20120126,1
26,20120127,1
26,20120128,2
26,20120129,2
26,20120130,1
26,20120131,1
26,20120201,1
26,20120202,1
26,20120203,1
26,20120204,2
26,20120205,2
26,20120206,1
26,20120207,1
26,20120208,1
26,20120209,1
26,20120210,1
26,20120211,2
26,20120212,2
26,20120213,1
26,20120214,1
26,20120215,1
26,20120216,1
26,20120217,1
26,20120218,2
26,20120219,2
26,20120220,2
26,20120221,2
26,20120222,2
26,20120223,2
26,20120224,2
26,20120225,2
26,20120226,2
26,20120227,1
26,20120228,1
26,20120229,1
26,20120301,1
26,20120302,1
26,20120303,2
26,20120304,2
26,20120305,1
26,20120306,1
26,20120307,1
26,20120308,1
5,20120128,2
5,20120129,2
5,20120130,1
5,20120131,1
5,20120201,1
5,20120202,1
5,20120203,2
5,20120204,2
5,20120205,2
5,20120206,1
5,20120207,1
5,20120208,1
5,20120209,1
5,20120210,2
5,20120211,2
5,20120212,2
5,20120213,1
5,20120214,1
5,20120215,1
5,20120216,1
5,20120217,2
5,20120218,2
5,20120219,2
5,20120220,1
5,20120221,1
5,20120222,1
5,20120223,1
5,20120224,2
5,20120225,2
5,20120226,2
5,20120227,1
5,20120228,1
5,20120229,1
5,20120301,1
5,20120302,2
5,20120303,2
5,20120304,2
5,20120305,1
5,20120306,1
5,20120307,1
5,20120308,1
5,20120309,2
5,20120310,2
5,20120311,2
5,20120312,1
5,20120313,1
5,20120314,1
5,20120315,1
5,20120316,2
5,20120317,2
5,20120318,2
5,20120319,1
5,20120320,1
5,20120321,1
5,20120322,1
5,20120323,2
5,20120324,2
5,20120325,2
5,20120326,1
5,20120327,1
5,20120328,1
5,20120329,1
5,20120330,2
6,20120102,2
6,20120103,1
6,20120104,2
6,20120105,2
6,20120106,2
6,20120107,2
6,20120108,2
6,20120109,2
6,20120110,1
6,20120111,2
6,20120112,2
6,20120113,2
6,20120114,2
6,20120115,2
6,20120116,2
6,20120117,1
6,20120118,2
6,20120119,2
6,20120120,2
6,20120121,2
6,20120122,2
6,20120123,2
6,20120124,1
6,20120125,2
6,20120126,2
6,20120127,2
6,20120128,2
6,20120129,2
6,20120130,2
6,20120131,1
6,20120201,2
6,20120202,2
6,20120203,2
6,20120204,2
6,20120205,2
6,20120206,2
6,20120207,1
6,20120208,2
6,20120209,2
6,20120210,2
6,20120211,2
6,20120212,2
6,20120213,2
6,20120214,1
6,20120215,2
6,20120216,2
6,20120217,2
6,20120218,2
6,20120219,2
6,20120220,2
6,20120221,1
6,20120222,2
6,20120223,2
6,20120224,2
6,20120225,2
6,20120226,2
6,20120227,2
6,20120228,1
6,20120229,2
6,20120301,2
6,20120302,2
6,20120303,2
6,20120304,2
6,20120305,2
6,20120306,1
6,20120307,2
6,20120308,2
6,20120309,2
6,20120310,2
6,20120311,2
6,20120312,2
6,20120313,1
6,20120314,2
6,20120315,2
6,20120316,2
6,20120317,2
6,20120318,2
6,20120319,2
6,20120320,1
6,20120321,2
6,20120322,2
6,20120323,2
6,20120324,2
6,20120325,2
6,20120326,2
6,20120327,1
6,20120328,2
6,20120329,2
6,20120330,2
7,20120102,1
7,20120103,2
7,20120104,1
7,20120105,2
7,20120106,2
7,20120107,2
7,20120108,2
7,20120109,1
7,20120110,2
7,20120111,1
7,20120112,2
7,20120113,2
7,20120114,2
7,20120115,2
7,20120116,1
7,20120117,2
7,20120118,1
7,20120119,2
7,20120120,2
7,20120121,2
7,20120122,2
7,20120123,1
7,20120124,2
7,20120125,1
7,20120126,2
7,20120127,2
7,20120128,2
7,20120129,2
7,20120130,1
7,20120131,2
7,20120201,1
7,20120202,2
7,20120203,2
7,20120204,2
7,20120205,2
7,20120206,1
7,20120207,2
7,20120208,1
7,20120209,2
7,20120210,2
7,20120211,2
7,20120212,2
7,20120213,1
7,20120214,2
7,20120215,1
7,20120216,2
7,20120217,2
7,20120218,2
7,20120219,2
7,20120220,1
7,20120221,2
7,20120222,1
7,20120223,2
7,20120224,2
7,20120225,2
7,20120226,2
7,20120227,1
7,20120228,2
7,20120229,1
7,20120301,2
7,20120302,2
7,20120303,2
7,20120304,2
7,20120305,1
7,20120306,2
7,20120307,1
7,20120308,2
7,20120309,2
7,20120310,2
7,20120311,2
7,20120312,1
7,20120313,2
7,20120314,1
7,20120315,2
7,20120316,2
7,20120317,2
7,20120318,2
7,20120319,1
7,20120320,2
7,20120321,1
7,20120322,2
7,20120323,2
7,20120324,2
7,20120325,2
7,20120326,1
7,20120327,2
7,20120328,1
7,20120329,2
7,20120330,2
8,20120102,2
8,20120103,2
8,20120104,2
8,20120105,1
8,20120106,2
8,20120107,2
8,20120108,2
8,20120109,2
8,20120110,2
8,20120111,2
8,20120112,1
8,20120113,2
8,20120114,2
8,20120115,2
8,20120116,2
8,20120117,2
8,20120118,2
8,20120119,1
8,20120120,2
8,20120121,2
8,20120122,2
8,20120123,2
8,20120124,2
8,20120125,2
8,20120126,1
8,20120127,2
8,20120128,2
8,20120129,2
8,20120130,2
8,20120131,2
8,20120201,2
8,20120202,1
8,20120203,2
8,20120204,2
8,20120205,2
8,20120206,2
8,20120207,2
8,20120208,2
8,20120209,1
8,20120210,2
8,20120211,2
8,20120212,2
8,20120213,2
8,20120214,2
8,20120215,2
8,20120216,1
8,20120217,2
8,20120218,2
8,20120219,2
8,20120220,2
8,20120221,2
8,20120222,2
8,20120223,1
8,20120224,2
8,20120225,2
8,20120226,2
8,20120227,2
8,20120228,2
8,20120229,2
8,20120301,1
8,20120302,2
8,20120303,2
8,20120304,2
8,20120305,2
8,20120306,2
8,20120307,2
8,20120308,1
8,20120309,2
8,20120310,2
8,20120311,2
8,20120312,2
8,20120313,2
8,20120314,2
8,20120315,1
8,20120316,2
8,20120317,2
8,20120318,2
8,20120319,2
8,20120320,2
8,20120321,2
8,20120322,1
8,20120323,2
8,20120324,2
8,20120325,2
8,20120326,2
8,20120327,2
8,20120328,2
8,20120329,1
8,20120330,2
9,20120102,2
9,20120103,1
9,20120104,2
9,20120105,1
9,20120106,1
9,20120107,2
9,20120108,2
9,20120109,2
9,20120110,1
9,20120111,2
9,20120112,1
9,20120113,1
9,20120114,2
9,20120115,2
9,20120116,2
9,20120117,1
9,20120118,2
9,20120119,1
9,20120120,1
9,20120121,2
9,20120122,2
9,20120123,2
9,20120124,1
9,20120125,2
9,20120126,1
9,20120127,1
9,20120128,2
9,20120129,2
9,20120130,2
9,20120131,1
9,20120201,2
9,20120202,1
9,20120203,1
9,20120204,2
9,20120205,2
9,20120206,2
9,20120207,1
9,20120208,2
9,20120209,1
9,20120210,1
9,20120211,2
9,20120212,2
9,20120213,2
9,20120214,1
9,20120215,2
9,20120216,1
9,20120217,1
9,20120218,2
9,20120219,2
9,20120220,2
9,20120221,1
9,20120222,2
9,20120223,1
9,20120224,1
9,20120225,2
9,20120226,2
9,20120227,2
9,20120228,1
9,20120229,2
9,20120301,1
9,20120302,1
9,20120303,2
9,20120304,2
9,20120305,2
9,20120306,1
9,20120307,2
9,20120308,1
9,20120309,1
9,20120310,2
9,20120311,2
9,20120312,2
9,20120313,1
9,20120314,2
9,20120315,1
9,20120316,1
9,20120317,2
9,20120318,2
9,20120319,2
9,20120320,1
9,20120321,2
9,20120322,1
9,20120323,1
9,20120324,2
9,20120325,2
9,20120326,2
9,20120327,1
9,20120328,2
9,20120329,1
9,20120330,1
10,20120102,2
10,20120103,1
10,20120104,2
10,20120105,2
10,20120106,1
10,20120107,2
10,20120108,2
10,20120109,2
10,20120110,1
10,20120111,2
10,20120112,2
10,20120113,1
10,20120114,2
10,20120115,2
10,20120116,2
10,20120117,1
10,20120118,2
10,20120119,2
10,20120120,1
10,20120121,2
10,20120122,2
10,20120123,2
10,20120124,1
10,20120125,2
10,20120126,2
10,20120127,1
10,20120128,2
10,20120129,2
10,20120130,2
10,20120131,1
10,20120201,2
10,20120202,2
10,20120203,1
10,20120204,2
10,20120205,2
10,20120206,2
10,20120207,1
10,20120208,2
10,20120209,2
10,20120210,1
10,20120211,2
10,20120212,2
10,20120213,2
10,20120214,1
10,20120215,2
10,20120216,2
10,20120217,1
10,20120218,2
10,20120219,2
10,20120220,2
10,20120221,1
10,20120222,2
10,20120223,2
10,20120224,1
10,20120225,2
10,20120226,2
10,20120227,2
10,20120228,1
10,20120229,2
10,20120301,2
10,20120302,1
10,20120303,2
10,20120304,2
10,20120305,2
10,20120306,1
10,20120307,2
10,20120308,2
10,20120309,1
10,20120310,2
10,20120311,2
10,20120312,2
10,20120313,1
10,20120314,2
10,20120315,2
10,20120316,1
10,20120317,2
10,20120318,2
10,20120319,2
10,20120320,1
10,20120321,2
10,20120322,2
10,20120323,1
10,20120324,2
10,20120325,2
10,20120326,2
10,20120327,1
10,20120328,2
10,20120329,2
10,20120330,1
11,20120102,2
11,20120103,2
11,20120104,1
11,20120105,2
11,20120106,2
11,20120107,2
11,20120108,2
11,20120109,2
11,20120110,2
11,20120111,1
11,20120112,2
11,20120113,2
11,20120114,2
11,20120115,2
11,20120116,2
11,20120117,2
11,20120118,1
11,20120119,2
11,20120120,2
11,20120121,2
11,20120122,2
11,20120123,2
11,20120124,2
11,20120125,1
11,20120126,2
11,20120127,2
11,20120128,2
11,20120129,2
11,20120130,2
11,20120131,2
11,20120201,1
11,20120202,2
11,20120203,2
11,20120204,2
11,20120205,2
11,20120206,2
11,20120207,2
11,20120208,1
11,20120209,2
11,20120210,2
11,20120211,2
11,20120212,2
11,20120213,2
11,20120214,2
11,20120215,1
11,20120216,2
11,20120217,2
11,20120218,2
11,20120219,2
11,20120220,2
11,20120221,2
11,20120222,1
11,20120223,2
11,20120224,2
11,20120225,2
11,20120226,2
11,20120227,2
11,20120228,2
11,20120229,1
11,20120301,2
11,20120302,2
11,20120303,2
11,20120304,2
11,20120305,2
11,20120306,2
11,20120307,1
11,20120308,2
11,20120309,2
11,20120310,2
11,20120311,2
11,20120312,2
11,20120313,2
11,20120314,1
11,20120315,2
11,20120316,2
11,20120317,2
11,20120318,2
11,20120319,2
11,20120320,2
11,20120321,1
11,20120322,2
11,20120323,2
11,20120324,2
11,20120325,2
11,20120326,2
11,20120327,2
11,20120328,1
11,20120329,2
11,20120330,2
12,20120102,1
12,20120103,1
12,20120104,1
12,20120105,1
12,20120106,1
12,20120107,2
12,20120108,2
12,20120109,1
12,20120110,1
12,20120111,1
12,20120112,1
12,20120113,1
12,20120114,2
12,20120115,2
12,20120116,1
12,20120117,1
12,20120118,1
12,20120119,1
12,20120120,1
12,20120121,2
12,20120122,2
12,20120123,1
12,20120124,1
12,20120125,1
12,20120126,1
12,20120127,1
12,20120128,2
12,20120129,2
12,20120130,1
12,20120131,1
12,20120201,1
12,20120202,1
12,20120203,1
12,20120204,2
12,20120205,2
12,20120206,1
12,20120207,1
12,20120208,1
12,20120209,1
12,20120210,1
12,20120211,2
12,20120212,2
12,20120213,1
12,20120214,1
12,20120215,1
12,20120216,1
12,20120217,1
12,20120218,2
12,20120219,2
12,20120220,2
12,20120221,2
12,20120222,2
12,20120223,2
12,20120224,2
12,20120225,2
12,20120226,2
12,20120227,1
12,20120228,1
12,20120229,1
12,20120301,1
12,20120302,1
12,20120303,2
12,20120304,2
12,20120305,1
12,20120306,1
12,20120307,1
12,20120308,1
12,20120309,1
12,20120310,2
12,20120311,2
12,20120312,1
12,20120313,1
12,20120314,1
12,20120315,1
12,20120316,1
12,20120317,2
12,20120318,2
12,20120319,1
12,20120320,1
12,20120321,1
12,20120322,1
12,20120323,1
12,20120324,2
12,20120325,2
12,20120326,1
12,20120327,1
12,20120328,1
12,20120329,1
12,20120330,1
13,20120102,1
13,20120103,1
13,20120104,1
13,20120105,1
13,20120106,1
13,20120107,2
13,20120108,2
13,20120109,1
13,20120110,1
13,20120111,1
13,20120112,1
13,20120113,1
13,20120114,2
13,20120115,2
13,20120116,1
13,20120117,1
13,20120118,1
13,20120119,1
13,20120120,1
13,20120121,2
13,20120122,2
13,20120123,1
13,20120124,1
13,20120125,1
13,20120126,1
13,20120127,1
13,20120128,2
13,20120129,2
13,20120130,1
13,20120131,1
13,20120201,1
13,20120202,1
13,20120203,1
13,20120204,2
13,20120205,2
13,20120206,1
13,20120207,1
13,20120208,1
13,20120209,1
13,20120210,1
13,20120211,2
13,20120212,2
13,20120213,1
13,20120214,1
13,20120215,1
13,20120216,1
13,20120217,1
13,20120218,2
13,20120219,2
13,20120220,2
13,20120221,2
13,20120222,2
13,20120223,2
13,20120224,2
13,20120225,2
13,20120226,2
13,20120227,1
13,20120228,1
13,20120229,1
13,20120301,1
13,20120302,1
13,20120303,2
13,20120304,2
13,20120305,1
13,20120306,1
13,20120307,1
13,20120308,1
13,20120309,1
13,20120310,2
13,20120311,2
13,20120312,1
13,20120313,1
13,20120314,1
13,20120315,1
13,20120316,1
13,20120317,2
13,20120318,2
13,20120319,1
13,20120320,1
13,20120321,1
13,20120322,1
13,20120323,1
13,20120324,2
13,20120325,2
13,20120326,1
13,20120327,1
13,20120328,1
13,20120329,1
13,20120330,1
14,20120102,1
14,20120103,1
14,20120104,1
14,20120105,1
14,20120106,1
14,20120107,2
14,20120108,2
14,20120109,1
14,20120110,1
14,20120111,1
14,20120112,1
14,20120113,1
14,20120114,2
14,20120115,2
14,20120116,1
14,20120117,1
14,20120118,1
14,20120119,1
14,20120120,1
14,20120121,2
14,20120122,2
14,20120123,1
14,20120124,1
14,20120125,1
14,20120126,1
14,20120127,1
14,20120128,2
14,20120129,2
14,20120130,1
14,20120131,1
14,20120201,1
14,20120202,1
14,20120203,1
14,20120204,2
14,20120205,2
14,20120206,1
14,20120207,1
14,20120208,1
14,20120209,1
14,20120210,1
14,20120211,2
14,20120212,2
14,20120213,1
14,20120214,1
14,20120215,1
14,20120216,1
14,20120217,1
14,20120218,2
14,20120219,2
14,20120220,2
14,20120221,2
14,20120222,2
14,20120223,2
14,20120224,2
14,20120225,2
14,20120226,2
14,20120227,1
14,20120228,1
14,20120229,1
14,20120301,1
14,20120302,1
14,20120303,2
14,20120304,2
14,20120305,1
14,20120306,1
14,20120307,1
14,20120308,1
14,20120309,1
14,20120310,2
14,20120311,2
14,20120312,1
14,20120313,1
14,20120314,1
14,20120315,1
14,20120316,1
14,20120317,2
14,20120318,2
14,20120319,1
14,20120320,1
14,20120321,1
14,20120322,1
14,20120323,1
14,20120324,2
14,20120325,2
14,20120326,1
14,20120327,1
14,20120328,1
14,20120329,1
14,20120330,1
15,20120102,1
15,20120103,1
15,20120104,1
15,20120105,1
15,20120106,1
15,20120107,2
15,20120108,2
15,20120109,1
15,20120110,1
15,20120111,1
15,20120112,1
15,20120113,1
15,20120114,2
15,20120115,2
15,20120116,1
15,20120117,1
15,20120118,1
15,20120119,1
15,20120120,1
15,20120121,2
15,20120122,2
15,20120123,1
15,20120124,1
15,20120125,1
15,20120126,1
15,20120127,1
15,20120128,2
15,20120129,2
15,20120130,1
15,20120131,1
15,20120201,1
15,20120202,1
15,20120203,1
15,20120204,2
15,20120205,2
15,20120206,1
15,20120207,1
15,20120208,1
15,20120209,1
15,20120210,1
15,20120211,2
15,20120212,2
15,20120213,1
15,20120214,1
15,20120215,1
15,20120216,1
15,20120217,1
15,20120218,2
15,20120219,2
15,20120220,2
15,20120221,2
15,20120222,2
15,20120223,2
15,20120224,2
15,20120225,2
15,20120226,2
15,20120227,1
15,20120228,1
15,20120229,1
15,20120301,1
15,20120302,1
15,20120303,2
15,20120304,2
15,20120305,1
15,20120306,1
15,20120307,1
15,20120308,1
15,20120309,1
15,20120310,2
15,20120311,2
15,20120312,1
15,20120313,1
15,20120314,1
15,20120315,1
15,20120316,1
15,20120317,2
15,20120318,2
15,20120319,1
15,20120320,1
15,20120321,1
15,20120322,1
15,20120323,1
15,20120324,2
15,20120325,2
15,20120326,1
15,20120327,1
15,20120328,1
15,20120329,1
15,20120330,1
16,20120102,1
16,20120103,1
16,20120104,1
16,20120105,1
16,20120106,1
16,20120107,2
16,20120108,2
16,20120109,1
16,20120110,1
16,20120111,1
16,20120112,1
16,20120113,1
16,20120114,2
16,20120115,2
16,20120116,1
16,20120117,1
16,20120118,1
16,20120119,1
16,20120120,1
16,20120121,2
16,20120122,2
16,20120123,1
16,20120124,1
16,20120125,1
16,20120126,1
16,20120127,1
16,20120128,2
16,20120129,2
16,20120130,1
16,20120131,1
16,20120201,1
16,20120202,1
16,20120203,1
16,20120204,2
16,20120205,2
16,20120206,1
16,20120207,1
16,20120208,1
16,20120209,1
16,20120210,1
16,20120211,2
16,20120212,2
16,20120213,1
16,20120214,1
16,20120215,1
16,20120216,1
16,20120217,1
16,20120218,2
16,20120219,2
16,20120220,2
16,20120221,2
16,20120222,2
16,20120223,2
16,20120224,2
16,20120225,2
16,20120226,2
16,20120227,1
16,20120228,1
16,20120229,1
16,20120301,1
16,20120302,1
16,20120303,2
16,20120304,2
16,20120305,1
16,20120306,1
16,20120307,1
16,20120308,1
16,20120309,1
16,20120310,2
16,20120311,2
16,20120312,1
16,20120313,1
16,20120314,1
16,20120315,1
16,20120316,1
16,20120317,2
16,20120318,2
16,20120319,1
16,20120320,1
16,20120321,1
16,20120322,1
16,20120323,1
16,20120324,2
16,20120325,2
16,20120326,1
16,20120327,1
16,20120328,1
16,20120329,1
16,20120330,1
17,20120102,1
17,20120103,1
17,20120104,2
17,20120105,1
17,20120106,1
17,20120107,2
17,20120108,2
17,20120109,1
17,20120110,1
17,20120111,2
17,20120112,1
17,20120113,1
17,20120114,2
17,20120115,2
17,20120116,1
17,20120117,1
17,20120118,2
17,20120119,1
17,20120120,1
17,20120121,2
17,20120122,2
17,20120123,1
17,20120124,1
17,20120125,2
17,20120126,1
17,20120127,1
17,20120128,2
17,20120129,2
17,20120130,1
17,20120131,1
17,20120201,2
17,20120202,1
17,20120203,1
17,20120204,2
17,20120205,2
17,20120206,1
17,20120207,1
17,20120208,2
17,20120209,1
17,20120210,1
17,20120211,2
17,20120212,2
17,20120213,1
17,20120214,1
17,20120215,2
17,20120216,1
17,20120217,1
17,20120218,2
17,20120219,2
17,20120220,2
17,20120221,2
17,20120222,2
17,20120223,2
17,20120224,2
17,20120225,2
17,20120226,2
17,20120227,1
17,20120228,1
17,20120229,2
17,20120301,1
17,20120302,1
17,20120303,2
17,20120304,2
17,20120305,1
17,20120306,1
17,20120307,2
17,20120308,1
17,20120309,1
17,20120310,2
17,20120311,2
17,20120312,1
17,20120313,1
17,20120314,2
17,20120315,1
17,20120316,1
17,20120317,2
17,20120318,2
17,20120319,1
17,20120320,1
17,20120321,2
17,20120322,1
17,20120323,1
17,20120324,2
17,20120325,2
17,20120326,1
17,20120327,1
17,20120328,2
17,20120329,1
17,20120330,1
18,20120102,1
18,20120103,2
18,20120104,1
18,20120105,2
18,20120106,2
18,20120107,2
18,20120108,2
18,20120109,1
18,20120110,2
18,20120111,1
18,20120112,2
18,20120113,2
18,20120114,2
18,20120115,2
18,20120116,1
